# y   Re(v)   Im(v)
3.00111e-05 1.14538e-10 -1.02362e-10
0.00015813 3.18012e-09 -2.84107e-09
0.000388638 1.92115e-08 -1.71524e-08
0.000721608 6.62449e-08 -5.90912e-08
0.00115708 1.70364e-07 -1.51787e-07
0.00169509 3.6573e-07 -3.25378e-07
0.00233569 6.94625e-07 -6.16929e-07
0.00307894 1.2075e-06 -1.07033e-06
0.00392491 1.96302e-06 -1.73619e-06
0.00487367 3.02812e-06 -2.67168e-06
0.00592533 4.47809e-06 -3.94043e-06
0.00707997 6.39657e-06 -5.61239e-06
0.00833769 8.87566e-06 -7.76362e-06
0.00969863 1.20159e-05 -1.04762e-05
0.0111629 1.59264e-05 -1.38381e-05
0.0127306 2.07247e-05 -1.7943e-05
0.014402 2.65369e-05 -2.289e-05
0.0161771 3.34977e-05 -2.8784e-05
0.0180562 4.175e-05 -3.57351e-05
0.0200393 5.14452e-05 -4.38587e-05
0.0221268 6.2743e-05 -5.32756e-05
0.0243187 7.58111e-05 -6.41119e-05
0.0266154 9.0825e-05 -7.64992e-05
0.0290169 0.000107968 -9.05744e-05
0.0315236 0.000127431 -0.00010648
0.0341356 0.00014941 -0.000124365
0.0368533 0.000174111 -0.000144383
0.0396768 0.000201742 -0.000166697
0.0426064 0.00023252 -0.000191474
0.0456425 0.000266665 -0.00021889
0.0487852 0.000304401 -0.00024913
0.0520349 0.000345955 -0.000282385
0.0553919 0.000391556 -0.000318859
0.0588565 0.000441437 -0.000358766
0.062429 0.000495826 -0.000402329
0.0661098 0.000554954 -0.000449787
0.0698991 0.000619047 -0.000501391
0.0737975 0.000688327 -0.000557408
0.0778051 0.00076301 -0.000618121
0.0819225 0.000843303 -0.000683833
0.08615 0.000929404 -0.000754865
0.090488 0.0010215 -0.000831559
0.0949369 0.00111975 -0.000914281
0.0994971 0.00122432 -0.00100342
0.104169 0.00133534 -0.0010994
0.108953 0.00145291 -0.00120265
0.11385 0.0015771 -0.00131366
0.11886 0.00170798 -0.00143293
0.123984 0.00184554 -0.00156099
0.129221 0.00198977 -0.00169843
0.134574 0.00214058 -0.00184584
0.140041 0.00229786 -0.00200387
0.145624 0.00246143 -0.00217319
0.151324 0.00263104 -0.00235452
0.157139 0.00280639 -0.00254862
0.163073 0.00298711 -0.00275626
0.169124 0.00317272 -0.00297826
0.175293 0.00336268 -0.00321547
0.181582 0.00355635 -0.00346877
0.18799 0.00375297 -0.00373906
0.194519 0.0039517 -0.00402725
0.201168 0.00415156 -0.00433428
0.207939 0.00435145 -0.00466108
0.214832 0.00455012 -0.00500858
0.221848 0.00474621 -0.00537771
0.228988 0.00493819 -0.00576935
0.236252 0.00512437 -0.00618436
0.243641 0.00530292 -0.00662355
0.251155 0.00547182 -0.00708763
0.258796 0.00562888 -0.00757727
0.266564 0.00577176 -0.00809298
0.274461 0.00589792 -0.00863518
0.282486 0.00600464 -0.0092041
0.29064 0.00608907 -0.00979982
0.298925 0.00614814 -0.0104222
0.307341 0.00617867 -0.0110708
0.315889 0.00617731 -0.0117451
0.32457 0.00614059 -0.0124441
0.333385 0.00606493 -0.0131665
0.342334 0.00594668 -0.0139107
0.351419 0.00578212 -0.0146747
0.360641 0.00556752 -0.015456
0.37 0.00529919 -0.0162517
0.379497 0.00497349 -0.0170586
0.389133 0.0045869 -0.0178727
0.39891 0.0041361 -0.0186897
0.408828 0.00361799 -0.0195047
0.418888 0.00302981 -0.0203123
0.429092 0.00236915 -0.0211066
0.43944 0.0016341 -0.0218811
0.449933 0.000823266 -0.0226289
0.460573 -6.41064e-05 -0.0233426
0.471361 -0.00102806 -0.0240144
0.482297 -0.00206786 -0.0246361
0.493384 -0.00318187 -0.0251994
0.504621 -0.00436753 -0.0256955
0.51601 -0.00562126 -0.0261158
0.527553 -0.00693837 -0.0264515
0.539251 -0.00831309 -0.0266942
0.551104 -0.00973846 -0.0268356
0.563114 -0.0112064 -0.0268679
0.575283 -0.0127076 -0.026784
0.587611 -0.0142316 -0.0265775
0.6001 -0.015767 -0.026243
0.612752 -0.0173012 -0.0257762
0.625567 -0.0188209 -0.0251742
0.638547 -0.020312 -0.0244355
0.651694 -0.0217598 -0.0235605
0.665008 -0.0231492 -0.0225509
0.678492 -0.024465 -0.0214108
0.692146 -0.0256921 -0.0201458
0.705972 -0.0268158 -0.0187639
0.719972 -0.0278221 -0.0172747
0.734148 -0.028698 -0.0156902
0.7485 -0.0294317 -0.0140239
0.76303 -0.0300131 -0.0122911
0.77774 -0.0304339 -0.0105089
0.792632 -0.0306878 -0.00869539
0.807707 -0.0307713 -0.00686968
0.822967 -0.030683 -0.00505163
0.838413 -0.0304243 -0.00326132
0.854047 -0.0299995 -0.00151867
0.869872 -0.0294156 0.000156915
0.885888 -0.0286822 0.00174707
0.902098 -0.0278115 0.00323484
0.918503 -0.026818 0.00460509
0.935106 -0.0257182 0.00584491
0.951907 -0.0245305 0.0069439
0.96891 -0.0232743 0.00789446
0.986116 -0.0219699 0.00869193
1.00353 -0.0206378 0.00933476
1.02114 -0.0192984 0.00982445
1.03897 -0.0179713 0.0101655
1.05701 -0.016675 0.0103652
1.07526 -0.0154261 0.0104335
1.09372 -0.0142392 0.0103823
1.11241 -0.0131267 0.0102256
1.13131 -0.0120982 0.00997854
1.15043 -0.0111605 0.009657
1.16978 -0.0103177 0.00927728
1.18936 -0.00957111 0.00885543
1.20916 -0.00891951 0.00840681
1.22919 -0.00835929 0.00794567
1.24946 -0.00788483 0.00748478
1.26996 -0.00748889 0.00703516
1.29071 -0.007163 0.00660587
1.31169 -0.0068979 0.00620394
1.33291 -0.00668398 0.00583433
1.35438 -0.00651165 0.00550005
1.3761 -0.00637173 0.00520228
1.39807 -0.00625573 0.00494062
1.42029 -0.00615613 0.00471334
1.44277 -0.00606648 0.00451768
1.46551 -0.0059815 0.00435017
1.48851 -0.00589716 0.00420689
1.51178 -0.00581055 0.00408377
1.53531 -0.00571982 0.00397682
1.55912 -0.00562404 0.00388232
1.58319 -0.00552305 0.00379695
1.60755 -0.00541723 0.00371789
1.63218 -0.0053074 0.00364289
1.65709 -0.00519459 0.00357021
1.6823 -0.00507996 0.00349864
1.70779 -0.00496461 0.0034274
1.73357 -0.00484958 0.00335611
1.75964 -0.00473574 0.00328464
1.78602 -0.00462375 0.00321309
1.8127 -0.00451412 0.00314167
1.83968 -0.00440713 0.00307068
1.86697 -0.00430293 0.00300041
1.89458 -0.00420154 0.00293111
1.9225 -0.00410289 0.002863
1.95074 -0.00400684 0.00279626
1.9793 -0.00391322 0.00273096
2.0082 -0.00382185 0.00266715
2.03742 -0.00373255 0.00260484
2.06697 -0.00364518 0.00254397
2.09687 -0.00355961 0.0024845
2.12711 -0.00347572 0.00242635
2.15769 -0.00339343 0.00236945
2.18862 -0.00331267 0.00231373
2.21991 -0.00323339 0.00225913
2.25156 -0.00315554 0.00220559
2.28357 -0.0030791 0.00215306
2.31595 -0.00300404 0.0021015
2.3487 -0.00293031 0.00205089
2.38182 -0.0028579 0.00200118
2.41533 -0.00278678 0.00195236
2.44922 -0.00271692 0.00190441
2.4835 -0.0026483 0.0018573
2.51818 -0.00258088 0.00181102
2.55325 -0.00251466 0.00176555
2.58873 -0.0024496 0.00172087
2.62462 -0.00238568 0.00167697
2.66092 -0.00232289 0.00163382
2.69764 -0.0022612 0.00159143
2.73478 -0.0022006 0.00154977
2.77236 -0.00214107 0.00150884
2.81036 -0.0020826 0.00146862
2.84881 -0.00202518 0.0014291
2.8877 -0.00196879 0.00139027
2.92704 -0.00191342 0.00135213
2.96684 -0.00185906 0.00131467
3.0071 -0.0018057 0.00127787
3.04782 -0.00175334 0.00124174
3.08902 -0.00170196 0.00120627
3.1307 -0.00165155 0.00117145
3.17286 -0.00160211 0.00113727
3.21551 -0.00155364 0.00110374
3.25866 -0.00150611 0.00107084
3.30231 -0.00145954 0.00103858
3.34647 -0.00141391 0.00100694
3.39115 -0.00136921 0.000975931
3.43635 -0.00132544 0.000945541
3.48207 -0.0012826 0.000915768
3.52834 -0.00124067 0.000886609
3.57514 -0.00119965 0.000858061
3.62249 -0.00115954 0.000830118
3.67039 -0.00112034 0.000802779
3.71886 -0.00108202 0.000776038
3.7679 -0.00104459 0.000749893
3.81751 -0.00100804 0.000724339
3.8677 -0.000972368 0.000699373
3.91849 -0.00093756 0.00067499
3.96987 -0.000903612 0.000651186
4.02186 -0.000870515 0.000627956
4.07447 -0.000838263 0.000605297
4.12769 -0.000806846 0.000583202
4.18154 -0.000776257 0.000561668
4.23603 -0.000746487 0.000540688
4.29116 -0.000717527 0.000520258
4.34694 -0.000689368 0.000500371
4.40338 -0.000662001 0.000481023
4.46049 -0.000635415 0.000462207
4.51828 -0.0006096 0.000443917
4.57675 -0.000584546 0.000426146
4.63592 -0.000560243 0.000408888
4.69579 -0.00053668 0.000392136
4.75637 -0.000513846 0.000375884
4.81766 -0.000491728 0.000360124
4.87969 -0.000470317 0.000344849
4.94245 -0.0004496 0.000330051
5.00596 -0.000429565 0.000315723
5.07023 -0.0004102 0.000301858
5.13526 -0.000391493 0.000288447
5.20106 -0.000373431 0.000275483
5.26765 -0.000356002 0.000262957
5.33503 -0.000339194 0.000250861
5.40321 -0.000322993 0.000239188
5.47221 -0.000307386 0.000227928
5.54202 -0.000292361 0.000217073
5.61267 -0.000277904 0.000206614
5.68416 -0.000264002 0.000196544
5.7565 -0.000250642 0.000186853
5.8297 -0.000237811 0.000177533
5.90377 -0.000225496 0.000168575
5.97873 -0.000213683 0.00015997
6.05457 -0.000202359 0.000151709
6.13132 -0.000191511 0.000143784
6.20898 -0.000181126 0.000136186
6.28757 -0.00017119 0.000128906
6.36708 -0.000161691 0.000121936
6.44755 -0.000152615 0.000115266
6.52896 -0.00014395 0.000108888
6.61134 -0.000135683 0.000102794
6.6947 -0.000127801 9.69738e-05
6.77904 -0.000120291 9.14204e-05
6.86438 -0.000113142 8.61249e-05
6.95072 -0.00010634 8.10788e-05
7.03809 -9.98745e-05 7.62739e-05
7.12648 -9.37325e-05 7.1702e-05
7.21591 -8.79024e-05 6.73551e-05
7.3064 -8.23728e-05 6.32251e-05
7.39794 -7.71321e-05 5.93043e-05
7.49056 -7.21692e-05 5.55848e-05
7.58426 -6.74732e-05 5.2059e-05
7.67905 -6.30331e-05 4.87196e-05
7.77494 -5.88385e-05 4.55591e-05
7.87195 -5.48791e-05 4.25704e-05
7.97008 -5.11448e-05 3.97464e-05
8.06934 -4.76257e-05 3.70803e-05
8.16975 -4.43122e-05 3.45652e-05
8.27132 -4.11951e-05 3.21946e-05
8.37405 -3.82651e-05 2.99622e-05
8.47795 -3.55136e-05 2.78616e-05
8.58303 -3.29318e-05 2.58867e-05
8.68931 -3.05115e-05 2.40317e-05
8.79679 -2.82447e-05 2.22908e-05
8.90549 -2.61235e-05 2.06585e-05
9.0154 -2.41403e-05 1.91293e-05
9.12654 -2.2288e-05 1.7698e-05
9.23892 -2.05596e-05 1.63596e-05
9.35255 -1.89481e-05 1.51092e-05
9.46742 -1.74473e-05 1.39421e-05
9.58356 -1.60507e-05 1.28538e-05
9.70097 -1.47525e-05 1.18398e-05
9.81965 -1.35468e-05 1.08961e-05
9.93961 -1.24282e-05 1.00186e-05
10.0609 -1.13914e-05 9.20349e-06
10.1834 -1.04314e-05 8.44699e-06
10.3072 -9.54335e-06 7.74561e-06
10.4324 -8.72273e-06 7.09597e-06
10.5588 -7.96518e-06 6.49485e-06
10.6866 -7.26656e-06 5.93919e-06
10.8157 -6.62295e-06 5.42605e-06
10.946 -6.03062e-06 4.95267e-06
11.0777 -5.48607e-06 4.5164e-06
11.2108 -4.98594e-06 4.11475e-06
11.3451 -4.52711e-06 3.74534e-06
11.4807 -4.1066e-06 3.40594e-06
11.6177 -3.72161e-06 3.09443e-06
11.756 -3.36952e-06 2.80881e-06
11.8956 -3.04786e-06 2.54719e-06
12.0365 -2.7543e-06 2.30782e-06
12.1787 -2.48668e-06 2.08903e-06
12.3222 -2.24295e-06 1.88925e-06
12.467 -2.02124e-06 1.70702e-06
12.6131 -1.81975e-06 1.54097e-06
12.7605 -1.63684e-06 1.38983e-06
12.9091 -1.47097e-06 1.25239e-06
13.0589 -1.32071e-06 1.12755e-06
13.2101 -1.18474e-06 1.01426e-06
13.3624 -1.06182e-06 9.11565e-07
13.5159 -9.50823e-07 8.18565e-07
13.6707 -8.50691e-07 7.34432e-07
13.8266 -7.60455e-07 6.58396e-07
13.9837 -6.7922e-07 5.89748e-07
14.1419 -6.06162e-07 5.27832e-07
14.3012 -5.40524e-07 4.72042e-07
14.4616 -4.81612e-07 4.21822e-07
14.6231 -4.28788e-07 3.76658e-07
14.7856 -3.81469e-07 3.36081e-07
14.9492 -3.39122e-07 2.99659e-07
15.1137 -3.0126e-07 2.66997e-07
15.2791 -2.67441e-07 2.37733e-07
15.4454 -2.37259e-07 2.11538e-07
15.6127 -2.10347e-07 1.8811e-07
15.7807 -1.86372e-07 1.67175e-07
15.9495 -1.65033e-07 1.48484e-07
16.1191 -1.46055e-07 1.31809e-07
16.2894 -1.29191e-07 1.16945e-07
16.4603 -1.14216e-07 1.03707e-07
16.6318 -1.0093e-07 9.19235e-08
16.8039 -8.91503e-08 8.14436e-08
16.9765 -7.87138e-08 7.21298e-08
17.1495 -6.94736e-08 6.38578e-08
17.3228 -6.12979e-08 5.65154e-08
17.4965 -5.40685e-08 5.00019e-08
17.6705 -4.76795e-08 4.42274e-08
17.8446 -4.20364e-08 3.91113e-08
18.0188 -3.70546e-08 3.45807e-08
18.1931 -3.26586e-08 3.057e-08
18.3673 -2.87813e-08 2.7021e-08
18.5414 -2.53631e-08 2.38821e-08
18.7154 -2.23504e-08 2.1107e-08
18.889 -1.9696e-08 1.86541e-08
19.0623 -1.73577e-08 1.64868e-08
19.2351 -1.52985e-08 1.45723e-08
19.4075 -1.34856e-08 1.28814e-08
19.5791 -1.18898e-08 1.1388e-08
19.7501 -1.04849e-08 1.00693e-08
19.9203 -9.24801e-09 8.90489e-09
20.0895 -8.15918e-09 7.8769e-09
20.2577 -7.20077e-09 6.96913e-09
20.4248 -6.3571e-09 6.16741e-09
20.5906 -5.61423e-09 5.45931e-09
20.7552 -4.95986e-09 4.83371e-09
20.9183 -4.38322e-09 4.28075e-09
21.0798 -3.87503e-09 3.79199e-09
21.2397 -3.42717e-09 3.36008e-09
21.3978 -3.0323e-09 2.97819e-09
21.554 -2.68365e-09 2.64004e-09
21.7082 -2.37553e-09 2.34042e-09
21.8602 -2.10345e-09 2.07524e-09
22.0101 -1.86349e-09 1.84066e-09
22.1576 -1.65156e-09 1.63279e-09
22.3026 -1.46372e-09 1.44812e-09
22.445 -1.29698e-09 1.28396e-09
22.5846 -1.14928e-09 1.13808e-09
22.7215 -1.01854e-09 1.00826e-09
22.8554 -9.02516e-10 8.92621e-10
22.9862 -7.99425e-10 7.89876e-10
23.1139 -7.0809e-10 6.98838e-10
23.2382 -6.27055e-10 6.17788e-10
23.3591 -5.54376e-10 5.44917e-10
23.4765 -4.88797e-10 4.79308e-10
23.5902 -4.30421e-10 4.20892e-10
23.7002 -3.79387e-10 3.69318e-10
23.8064 -3.34379e-10 3.23359e-10
23.9085 -2.93455e-10 2.81713e-10
24.0066 -2.56065e-10 2.43973e-10
24.1005 -2.23049e-10 2.10385e-10
24.1902 -1.94547e-10 1.80852e-10
24.2755 -1.69111e-10 1.54607e-10
24.3563 -1.454e-10 1.30882e-10
24.4327 -1.23738e-10 1.09511e-10
24.5044 -1.05143e-10 9.06641e-11
24.5714 -8.94673e-11 7.41753e-11
24.6337 -7.54331e-11 5.93969e-11
24.6911 -6.21416e-11 4.5773e-11
24.7436 -4.96456e-11 3.33973e-11
24.7912 -3.81781e-11 2.28693e-11
24.8338 -2.77247e-11 1.46391e-11
24.8713 -1.85031e-11 8.6214e-12
24.9038 -1.1131e-11 4.43283e-12
24.9311 -5.98464e-12 1.77812e-12
24.9532 -2.7871e-12 4.354e-13
24.9702 -9.95492e-13 1.1058e-14
24.9819 -1.99279e-13 -1.9478e-14
24.9885 -8.11263e-15 -1.27242e-15
